$ANSIBLE_VAULT;1.1;AES256
38333232633165326239623537656332323932376430373831376635336438303137373330353036
3331333362383034643839623336396530643532306430350a666661663739366561363536633162
62393861333230616334393539393339613431326331323832363839636466333335633361353364
6332623833623562370a326531623739613561366631636237363334333939616238343039653432
62376336363161363065633134626536323165366439626565636166366466306532336231366131
30383561653732356234623866336132363033613239313131633634323333343130323930613563
35656264393134343761353536633834636230306436343336626664646335353766646434323864
32623637663966326465336165393666643265353963333537353030376265613132623635633330
65326330626662313965386565373837356231333061656131613534313835303535313935646231
33313661383963663731653430373563366662323634626666653335336462326331386462316266
33613034343637646263343561623433633533663132376438396264373432343536613835643666
33626131653234343864623533363138303733363633363532373734363233643939363466303031
31303264313964623136353564613233646263306632373637366538326635363132333866376133
34353838643362356464366135323564323131323433616239363365613038343937663863316332
31343662646637663138633136623937336566323739363234393636343065366235616435306335
64326661666230663533383137383431383062656331326563346466303231363936303630643865
30653835336638316266303566626565623835333636636630636538376262626636313233333365
63333838653862393234666237373432353233653130353032663230636535346333313962316463
39646361353636653164643139396131626535333638636230613438616464306462303730613335
38653630613139393735666364323530313263326535363961396332383764376563373261636664
65646234613139313330613732363030666138666261333336336434383238373635393634623039
39363931336461613336393638366233383238383632393064303839393731623238663033633335
34336365316161393030336366663264396664616538616131653837326635343439336161633236
64346164643765346234356135616331393437616433316437353839376563313765353866356534
31323862316237353536336138663033616330663833653565633936333662623437333838366438
30326538633039306661306631313062623264303430653439306539323238306231623230393836
37616364626534373332303763393231636237633538323835636665313731383231313866393963
33626566313561626462316666393763666663386161313033333233303231306463633664613034
35373630656665393532663864666135633334623461353131646665643966376266623932626263
32336339376632303864393863373732303036623664613833316664636263663362366531616663
62393636356565396230336430343233376663663533633539333037623666616434366530363033
38333131313165393437316134663564306637393761646132303561663762626435373763343565
34343632303961636538336636633638343830616330303264636364363661346666356431643438
61333363353934393435333164616636313835396164343738326361313632626634343463326465
35363037613265656162613062383438333835353435363631306262373831326432613833333862
65306362643362383931313236386165343737353330356265396566353263643263366162363135
34646237623031323564383331616634316138623663336363373534306662376361313130353264
39643737663638613961616561336337396537313231316263346334626166303161303731336431
30666262383431636266656264376666313137363739626338363663306233386261656165316166
39363033626230643865346638396365653262656232346334393164633962353533343766356232
30353533333832633035333330633439303266623132613833643333623761383662353465613064
65303433373361333531626463643032653833346365323265633439623133623764323762343834
39646137343666383132333031393165313466346164616138656261363930623564383663376639
66353939376266356336346538376163633937373630333639336632323466333934323665613031
61376235313331326338383365313639323936343330613964326634393439663931303363353434
61653334623865373231333339663736356137623536323034353438633236376434353364666164
65343162336233623266303339613761396239303066376336656339306630386232306361316638
33633662353563653130366333666238366633333835343330353330616665633162636432646336
34663536643539663139633538313538623339633633656639313561353136623939383566336363
38653664616265356437316636326330396130353661666630383838383561323236636335303231
31333934636331613661643262613766656337313861313139623635333235376237383462646462
37343736383539313166323663303438343430353137633965313033333334363033363763626135
66396166353662393330323931356166343536386364656339623364353163393032343965643536
66373765666438663935336363356434646566613338313266643032636562303761363339363834
37376432663134623863383562336132313035383035646134626237653035333661383831316534
37363936393666386164333361346531326232613832396333663137333339373030336166366233
32353230343236623334353835633961343837303336326338653264316364386264396531633532
63636535326437653536383736646139663131646235633664316463353663373830636262623931
64613138343466323836386464383134373237373666616532306531336133313732616439313061
32396236373837663266623964663637313832366136353065306333363164643637316130613965
63353335663731313938353234646566316238346139356463363334356434303532616130303138
35326132316361336237343631376532363564656536366439656339323063303436376463653231
61666561623335633231646161353131633036393563353335643532623464613731616433663632
39373163646133613065616539343037626266643665366636336533333930346561373938376133
63616330663764396634366631633234306435643936396139386636643962653032656636396630
64373635336632386239356666633237623931613133653338383063663966353038653735656134
66316561656130326336653932643639666635393434363239346366653937363537366639383762
61376130376335656661373063376639383534313935616363323835643761396235343536333264
39386666623662386535613436613332616135303235393231333533343165396336623562666466
32373034633861343031636334636134636363373662623261643866363137336139643338346434
39643030323061303630623235396639353263383931643865636261376261653561303430646464
62323064323332336230636134643561356430363239663866336664303463643964653666393762
38626438646132363035386432613366326530623434346139613064353031333037313965396133
35316332396162646261376162646265633661346632313137623836303436396635333364653264
30393363313035363166306564633764653862363735666232623265323133383935316234613637
33626530616466643862393766663734316661346132383839383661303533666462653636623834
30326364373165613734633137623339313662336434326236316639336461323332336563383838
32343861363966636261393535366430323236383534633333626238653861333662393663303638
31646637376563383566626134333634303238623536656634313265373664396462663638366538
36623764306464313030643165343230323439353530386135323764396335366235643330653663
30636261623563353838386637343634383036656562316332306234323334363732616431623163
36353362663931363266616639663733326435663239376261356339646531396562663830326662
34393530343231373936323834386439366261346235316130623366313731393033396233306465
34663237303562346262616135376133323332313035643939353464623962373063333236386238
63333937356636383965313133646132303431323263386635313737363161313931383333366537
38333835646132396466663533633934636630643739383465396661333438656364336464613034
62303037663334363539376635653239393565646131336639623834643931336439666562373638
65613332626136373839
